task,created_time,completion_time,latency,location
Device 0 (Cloud),5,12,7,Cloud
Device 1 (Cloud),5,11,6,Cloud
Device 2 (Cloud),5,9,4,Cloud
Device 3 (Cloud),5,10,5,Cloud
Device 4 (Cloud),5,11,6,Cloud
Device 0 (Cloud),10,16,6,Cloud
Device 1 (Fog),10,11,1,Fog
Device 2 (Fog),10,13,3,Fog
Device 3 (Fog),10,11,1,Fog
Device 4 (Fog),10,12,2,Fog
Device 0 (Cloud),15,18,3,Cloud
Device 1 (Fog),15,18,3,Fog
Device 2 (Cloud),15,18,3,Cloud
Device 3 (Fog),15,18,3,Fog
Device 4 (Cloud),15,18,3,Cloud
Device 0 (Cloud),20,24,4,Cloud
Device 1 (Cloud),20,27,7,Cloud
Device 2 (Cloud),20,24,4,Cloud
Device 3 (Fog),20,21,1,Fog
Device 4 (Fog),20,21,1,Fog
Device 0 (Cloud),25,28,3,Cloud
Device 1 (Cloud),25,30,5,Cloud
Device 2 (Cloud),25,31,6,Cloud
Device 3 (Cloud),25,29,4,Cloud
Device 4 (Fog),25,27,2,Fog
Device 0 (Fog),30,31,1,Fog
Device 1 (Fog),30,31,1,Fog
Device 2 (Cloud),30,35,5,Cloud
Device 3 (Fog),30,31,1,Fog
Device 4 (Fog),30,31,1,Fog
Device 0 (Fog),35,36,1,Fog
Device 1 (Cloud),35,40,5,Cloud
Device 2 (Fog),35,36,1,Fog
Device 3 (Cloud),35,42,7,Cloud
Device 4 (Fog),35,36,1,Fog
Device 0 (Cloud),40,43,3,Cloud
Device 1 (Cloud),40,45,5,Cloud
Device 2 (Cloud),40,47,7,Cloud
Device 3 (Cloud),40,44,4,Cloud
Device 4 (Fog),40,43,3,Fog
Device 0 (Fog),45,47,2,Fog
Device 1 (Cloud),45,51,6,Cloud
Device 2 (Cloud),45,52,7,Cloud
Device 3 (Fog),45,46,1,Fog
Device 4 (Fog),45,46,1,Fog
Device 0 (Cloud),50,57,7,Cloud
Device 1 (Fog),50,52,2,Fog
Device 2 (Cloud),50,55,5,Cloud
Device 3 (Fog),50,52,2,Fog
Device 4 (Fog),50,53,3,Fog
Device 0 (Cloud),55,58,3,Cloud
Device 1 (Cloud),55,62,7,Cloud
Device 2 (Fog),55,56,1,Fog
Device 3 (Fog),55,58,3,Fog
Device 4 (Fog),55,56,1,Fog
Device 0 (Fog),60,61,1,Fog
Device 1 (Cloud),60,64,4,Cloud
Device 2 (Fog),60,63,3,Fog
Device 3 (Fog),60,61,1,Fog
Device 4 (Cloud),60,63,3,Cloud
Device 0 (Cloud),65,71,6,Cloud
Device 1 (Cloud),65,72,7,Cloud
Device 2 (Fog),65,68,3,Fog
Device 3 (Fog),65,67,2,Fog
Device 4 (Cloud),65,70,5,Cloud
Device 0 (Cloud),70,73,3,Cloud
Device 1 (Fog),70,72,2,Fog
Device 2 (Fog),70,72,2,Fog
Device 3 (Fog),70,71,1,Fog
Device 4 (Fog),70,72,2,Fog
Device 0 (Cloud),75,81,6,Cloud
Device 1 (Cloud),75,78,3,Cloud
Device 2 (Fog),75,76,1,Fog
Device 3 (Fog),75,78,3,Fog
Device 4 (Cloud),75,81,6,Cloud
Device 0 (Cloud),80,87,7,Cloud
Device 1 (Fog),80,82,2,Fog
Device 2 (Fog),80,81,1,Fog
Device 3 (Cloud),80,84,4,Cloud
Device 4 (Fog),80,81,1,Fog
Device 0 (Fog),85,86,1,Fog
Device 1 (Cloud),85,91,6,Cloud
Device 2 (Fog),85,87,2,Fog
Device 3 (Cloud),85,92,7,Cloud
Device 4 (Cloud),85,92,7,Cloud
Device 0 (Fog),90,92,2,Fog
Device 1 (Fog),90,92,2,Fog
Device 2 (Fog),90,91,1,Fog
Device 3 (Cloud),90,94,4,Cloud
Device 4 (Fog),90,91,1,Fog
Device 0 (Cloud),95,99,4,Cloud
Device 1 (Fog),95,98,3,Fog
Device 2 (Fog),95,97,2,Fog
Device 3 (Cloud),95,99,4,Cloud
Device 4 (Cloud),95,102,7,Cloud
Device 0 (Fog),100,103,3,Fog
Device 1 (Cloud),100,104,4,Cloud
Device 2 (Cloud),100,103,3,Cloud
Device 3 (Cloud),100,105,5,Cloud
Device 4 (Fog),100,102,2,Fog
Device 0 (Fog),105,108,3,Fog
Device 1 (Cloud),105,109,4,Cloud
Device 2 (Cloud),105,108,3,Cloud
Device 3 (Cloud),105,110,5,Cloud
Device 4 (Fog),105,108,3,Fog
Device 0 (Fog),110,111,1,Fog
Device 1 (Cloud),110,116,6,Cloud
Device 2 (Cloud),110,115,5,Cloud
Device 3 (Fog),110,111,1,Fog
Device 4 (Cloud),110,117,7,Cloud
Device 0 (Fog),115,118,3,Fog
Device 1 (Cloud),115,119,4,Cloud
Device 2 (Cloud),115,120,5,Cloud
Device 3 (Fog),115,118,3,Fog
Device 4 (Cloud),115,118,3,Cloud
Device 0 (Fog),120,122,2,Fog
Device 1 (Fog),120,122,2,Fog
Device 2 (Fog),120,123,3,Fog
Device 3 (Cloud),120,125,5,Cloud
Device 4 (Fog),120,123,3,Fog
Device 0 (Fog),125,128,3,Fog
Device 1 (Cloud),125,130,5,Cloud
Device 2 (Fog),125,127,2,Fog
Device 3 (Fog),125,128,3,Fog
Device 4 (Fog),125,126,1,Fog
Device 0 (Cloud),130,137,7,Cloud
Device 1 (Cloud),130,135,5,Cloud
Device 2 (Cloud),130,137,7,Cloud
Device 3 (Cloud),130,134,4,Cloud
Device 4 (Cloud),130,133,3,Cloud
Device 0 (Fog),135,136,1,Fog
Device 1 (Cloud),135,142,7,Cloud
Device 2 (Cloud),135,141,6,Cloud
Device 3 (Fog),135,138,3,Fog
Device 4 (Fog),135,138,3,Fog
Device 0 (Cloud),140,145,5,Cloud
Device 1 (Fog),140,141,1,Fog
Device 2 (Fog),140,142,2,Fog
Device 3 (Cloud),140,146,6,Cloud
Device 4 (Fog),140,141,1,Fog
Device 0 (Fog),145,146,1,Fog
Device 1 (Fog),145,147,2,Fog
Device 2 (Fog),145,147,2,Fog
Device 3 (Cloud),145,151,6,Cloud
Device 4 (Cloud),145,151,6,Cloud
Device 0 (Fog),150,152,2,Fog
Device 1 (Cloud),150,153,3,Cloud
Device 2 (Cloud),150,155,5,Cloud
Device 3 (Cloud),150,154,4,Cloud
Device 4 (Cloud),150,154,4,Cloud
Device 0 (Fog),155,158,3,Fog
Device 1 (Cloud),155,162,7,Cloud
Device 2 (Fog),155,156,1,Fog
Device 3 (Fog),155,158,3,Fog
Device 4 (Cloud),155,159,4,Cloud
Device 0 (Cloud),160,167,7,Cloud
Device 1 (Fog),160,163,3,Fog
Device 2 (Cloud),160,164,4,Cloud
Device 3 (Fog),160,163,3,Fog
Device 4 (Cloud),160,166,6,Cloud
Device 0 (Cloud),165,169,4,Cloud
Device 1 (Cloud),165,172,7,Cloud
Device 2 (Fog),165,168,3,Fog
Device 3 (Cloud),165,170,5,Cloud
Device 4 (Cloud),165,171,6,Cloud
Device 0 (Cloud),170,176,6,Cloud
Device 1 (Cloud),170,177,7,Cloud
Device 2 (Fog),170,172,2,Fog
Device 3 (Cloud),170,175,5,Cloud
Device 4 (Cloud),170,174,4,Cloud
Device 0 (Cloud),175,181,6,Cloud
Device 1 (Fog),175,177,2,Fog
Device 2 (Fog),175,178,3,Fog
Device 3 (Cloud),175,178,3,Cloud
Device 4 (Cloud),175,179,4,Cloud
Device 0 (Cloud),180,185,5,Cloud
Device 1 (Cloud),180,183,3,Cloud
Device 2 (Fog),180,182,2,Fog
Device 3 (Fog),180,182,2,Fog
Device 4 (Fog),180,181,1,Fog
Device 0 (Fog),185,188,3,Fog
Device 1 (Fog),185,187,2,Fog
Device 2 (Cloud),185,188,3,Cloud
Device 3 (Cloud),185,191,6,Cloud
Device 4 (Cloud),185,190,5,Cloud
Device 0 (Fog),190,191,1,Fog
Device 1 (Fog),190,192,2,Fog
Device 2 (Cloud),190,195,5,Cloud
Device 3 (Cloud),190,193,3,Cloud
Device 4 (Cloud),190,194,4,Cloud
Device 0 (Fog),195,197,2,Fog
Device 1 (Cloud),195,198,3,Cloud
Device 2 (Fog),195,196,1,Fog
Device 3 (Fog),195,198,3,Fog
Device 4 (Cloud),195,200,5,Cloud
Device 0 (Cloud),200,206,6,Cloud
Device 1 (Cloud),200,203,3,Cloud
Device 2 (Fog),200,201,1,Fog
Device 3 (Cloud),200,204,4,Cloud
Device 4 (Fog),200,203,3,Fog
Device 0 (Fog),205,208,3,Fog
Device 1 (Cloud),205,208,3,Cloud
Device 2 (Cloud),205,210,5,Cloud
Device 3 (Fog),205,207,2,Fog
Device 4 (Fog),205,206,1,Fog
Device 0 (Cloud),210,216,6,Cloud
Device 1 (Fog),210,213,3,Fog
Device 2 (Fog),210,213,3,Fog
Device 3 (Cloud),210,216,6,Cloud
Device 4 (Cloud),210,213,3,Cloud
Device 0 (Cloud),215,218,3,Cloud
Device 1 (Fog),215,217,2,Fog
Device 2 (Fog),215,217,2,Fog
Device 3 (Fog),215,217,2,Fog
Device 4 (Cloud),215,221,6,Cloud
Device 0 (Cloud),220,226,6,Cloud
Device 1 (Cloud),220,225,5,Cloud
Device 2 (Fog),220,221,1,Fog
Device 3 (Fog),220,223,3,Fog
Device 4 (Cloud),220,227,7,Cloud
Device 0 (Cloud),225,232,7,Cloud
Device 1 (Cloud),225,232,7,Cloud
Device 2 (Fog),225,226,1,Fog
Device 3 (Fog),225,226,1,Fog
Device 4 (Cloud),225,228,3,Cloud
Device 0 (Cloud),230,237,7,Cloud
Device 1 (Cloud),230,236,6,Cloud
Device 2 (Fog),230,233,3,Fog
Device 3 (Fog),230,232,2,Fog
Device 4 (Cloud),230,236,6,Cloud
Device 0 (Cloud),235,239,4,Cloud
Device 1 (Cloud),235,240,5,Cloud
Device 2 (Cloud),235,240,5,Cloud
Device 3 (Fog),235,237,2,Fog
Device 4 (Cloud),235,242,7,Cloud
Device 0 (Cloud),240,247,7,Cloud
Device 1 (Fog),240,243,3,Fog
Device 2 (Fog),240,243,3,Fog
Device 3 (Cloud),240,245,5,Cloud
Device 4 (Fog),240,243,3,Fog
Device 0 (Cloud),245,251,6,Cloud
Device 1 (Cloud),245,252,7,Cloud
Device 2 (Fog),245,246,1,Fog
Device 3 (Fog),245,247,2,Fog
Device 4 (Cloud),245,248,3,Cloud
Device 0 (Fog),250,253,3,Fog
Device 1 (Fog),250,251,1,Fog
Device 2 (Fog),250,253,3,Fog
Device 3 (Fog),250,253,3,Fog
Device 4 (Cloud),250,253,3,Cloud
